0.02,21.22,29.33,8.48,49.02,28.78,14.42,25.12,11.06,53.98,368.14,17.34,11.03,7.95,16.35,13.0,31.79,228.01,48.88,12.97,64.08,175.97,16.81,20.6,34.73,14.36,6.86,104.71,10.68,12.24,75.37,13.66,11.35,11.96,8.65,7.01,%第1行结束
0.03,40.6,14.17,53.28,39.71,25.31,30.12,26.12,34.68,379.42,28.37,19.2,21.64,34.72,28.25,47.17,239.29,56.27,24.55,52.23,187.25,28.13,4.76,42.13,20.56,15.88,120.39,29.43,19.4,82.77,20.94,26.91,31.48,14.37,23.01,%第2行结束
0.01,27.54,43.85,53.16,17.22,25.18,19.95,76.1,343.17,15.51,22.62,22.04,28.35,17.83,13.97,203.04,35.02,16.98,87.36,151.0,12.72,38.09,22.18,22.56,26.0,86.93,26.35,21.83,59.65,20.82,20.19,28.36,34.62,32.57,%第3行结束
0.15,42.35,37.2,12.35,18.67,11.58,48.69,366.37,15.32,6.96,7.77,22.41,13.71,33.49,226.25,44.68,11.11,62.21,174.2,15.08,12.33,30.54,8.32,2.01,106.41,16.52,7.22,71.18,8.84,13.04,18.03,10.93,15.43,%第4行结束
0.28,73.7,35.2,24.6,42.33,85.53,362.92,34.53,38.37,40.71,53.39,41.82,57.25,222.8,20.2,36.89,102.85,160.46,38.79,49.29,22.44,35.06,41.76,125.59,49.26,37.58,41.67,35.87,43.49,51.66,51.61,53.3,%第5行结束
0.38,39.23,50.87,34.45,49.35,392.09,41.91,38.76,35.09,25.94,35.12,46.54,251.97,73.37,37.31,48.53,199.92,40.45,42.21,59.22,42.65,35.15,98.88,28.91,39.97,99.86,41.39,33.04,25.51,31.78,24.28,%第6行结束
0.1,12.23,8.24,59.98,356.31,5.2,6.28,6.63,19.3,8.01,25.57,216.19,36.18,3.28,71.47,164.15,6.33,21.98,22.03,5.81,10.1,100.0,15.18,5.71,62.67,4.07,9.4,17.58,18.78,19.21,%第7行结束
0.33,19.42,63.46,359.71,11.62,15.02,17.8,30.48,18.91,35.59,219.59,28.47,13.98,79.6,166.41,15.88,27.22,14.32,11.59,18.5,109.55,26.35,14.22,54.97,12.81,20.58,28.75,28.36,30.39,%第8行结束
0.15,61.21,359.46,9.67,7.4,4.84,13.81,2.94,23.37,219.33,41.65,5.6,71.29,167.29,7.3,23.58,27.5,11.77,9.93,96.29,9.12,8.62,68.15,10.03,2.96,11.52,16.93,14.2,%第9行结束
0.11,414.03,62.98,53.81,57.62,65.12,63.55,82.48,273.9,90.22,60.95,22.17,221.86,62.74,38.96,76.08,55.17,51.59,145.81,60.85,54.01,116.72,55.55,62.88,62.08,46.27,53.4,%第10行结束
0.06,352.32,360.79,360.26,367.33,357.25,346.21,142.67,345.31,355.09,425.52,230.59,351.95,376.26,349.66,360.69,364.16,320.88,366.24,359.99,351.3,358.94,360.09,368.25,372.84,371.63,%第11行结束
0.01,9.9,10.17,21.17,8.68,24.93,212.86,33.4,4.7,74.92,160.82,5.22,25.37,19.25,9.21,13.56,98.89,17.9,9.11,59.89,7.47,11.44,20.3,22.24,21.8,%第12行结束
0.03,3.68,19.95,9.05,28.75,221.27,41.4,6.13,66.47,169.23,10.11,17.3,27.25,5.98,5.11,101.97,14.05,2.82,67.89,4.24,8.71,16.45,14.39,17.2,%第13行结束
0.16,17.4,6.51,26.95,220.24,41.11,5.2,67.93,168.2,9.19,20.22,26.96,8.41,6.56,99.87,11.51,5.25,67.6,6.67,6.17,13.91,14.04,14.56,%第14行结束
0.07,12.78,23.15,228.07,53.1,17.05,68.19,176.02,17.59,34.86,38.95,24.09,21.23,92.07,7.89,21.8,78.86,22.34,11.58,4.91,22.91,12.54,%第15行结束
0.06,20.81,217.36,41.06,5.15,73.62,165.32,5.32,25.68,26.92,12.6,12.03,93.73,10.54,10.72,66.77,10.86,3.72,12.84,19.5,16.03,%第16行结束
0.07,207.44,45.18,23.16,88.79,159.25,19.74,44.77,35.48,30.54,32.2,76.06,25.91,28.69,69.81,28.8,22.08,24.58,37.69,32.31,%第17行结束
0.03,206.7,216.47,286.91,91.98,213.33,237.64,211.05,222.07,225.54,187.76,227.63,221.38,210.19,220.33,221.47,229.64,234.23,233.02,%第18行结束
0.13,36.36,105.5,143.06,36.73,53.56,16.85,37.71,44.41,108.19,49.44,39.53,32.37,37.82,43.3,51.83,53.82,53.47,%第19行结束
0.02,70.88,163.64,4.52,22.08,22.17,8.01,9.51,97.09,13.47,6.11,62.81,6.26,7.33,15.87,18.16,17.5,%第20行结束
0.03,234.5,75.38,57.55,92.71,70.16,62.04,145.51,68.97,68.28,133.35,69.89,71.83,66.85,56.72,61.52,%第21行结束
0.13,160.35,184.67,152.06,169.09,172.57,146.47,174.65,168.4,131.43,167.35,168.5,176.66,181.25,180.04,%第22行结束
0.01,26.0,23.11,11.67,13.44,94.12,15.65,9.82,61.65,9.93,8.83,17.58,21.94,20.49,%第23行结束
0.04,39.24,18.0,13.94,117.83,28.24,16.84,79.89,18.38,25.34,29.95,13.18,23.66,%第24行结束
0.12,23.57,30.27,107.29,35.3,25.39,43.26,23.68,29.16,37.7,39.69,39.33,%第25行结束
0.05,7.68,105.21,19.13,4.07,64.56,2.04,13.77,21.52,17.54,21.08,%第26行结束
0.08,104.76,15.25,6.33,71.64,7.95,11.4,17.06,10.92,14.46,%第27行结束
0.02,98.51,102.25,130.46,102.4,94.68,96.74,110.29,104.37,%第28行结束
0.2,15.69,75.78,17.1,7.61,3.54,18.01,9.47,%第29行结束
0.07,66.15,2.49,9.96,17.7,15.65,18.46,%第30行结束
0.11,64.42,69.87,78.44,80.43,80.08,%第31行结束
0.0,11.73,19.47,17.58,20.39,%第32行结束
0.02,10.44,17.63,13.43,%第33行结束
0.02,19.84,10.56,%第34行结束
0.14,11.37,%第35行结束
0.36,%第36行结束