0.07,34.13,41.94,24.1,30.46,20.34,59.71,21.47,14.5,28.13,75.6,353.46,19.15,26.16,27.31,39.04,27.11,37.78,213.34,15.9,22.21,91.35,153.2,23.09,39.4,3.0,23.55,30.25,109.39,35.28,25.37,42.4,23.66,29.14,37.77,39.67,39.31,%第1行结束
0.02,21.22,29.23,8.49,49.02,28.78,14.32,25.12,10.96,53.98,368.02,17.24,11.03,7.85,16.35,13.0,31.69,227.9,48.78,12.87,63.97,175.87,16.71,20.6,34.63,14.36,6.88,104.61,10.68,12.24,75.28,13.66,11.24,12.2,8.65,7.01,%第2行结束
0.03,40.6,14.17,53.28,39.72,25.31,30.12,26.12,34.68,379.4,28.37,19.2,21.64,34.72,28.25,47.17,239.28,56.27,24.55,52.23,187.24,28.13,4.76,42.13,20.56,15.88,120.39,29.43,19.4,82.77,20.94,26.91,31.92,14.37,23.01,%第3行结束
0.01,27.53,45.15,53.16,17.22,25.18,19.94,76.1,342.78,15.5,22.62,22.04,28.35,17.82,14.16,202.66,35.1,16.96,87.36,150.63,12.72,38.09,22.95,22.56,25.99,86.85,26.34,21.82,59.74,20.82,20.19,28.44,34.61,32.57,%第4行结束
0.15,42.35,37.2,12.35,18.68,11.57,48.7,366.35,15.32,6.95,7.77,22.41,13.7,33.48,226.23,44.69,11.1,62.19,174.19,15.07,12.33,30.54,8.32,2.01,106.4,16.52,7.23,71.19,8.84,13.04,18.27,10.94,15.43,%第5行结束
0.28,73.57,35.08,24.6,42.2,85.52,361.77,34.54,38.24,40.58,53.26,41.83,58.5,221.65,20.19,36.9,102.87,159.46,38.8,49.28,22.45,35.07,41.76,125.58,49.13,37.45,41.67,35.74,43.36,51.62,51.62,53.17,%第6行结束
0.38,39.23,50.87,34.46,49.3,392.07,41.91,38.76,35.09,25.94,35.12,46.54,251.96,73.37,37.31,48.53,199.92,40.45,41.08,59.22,42.65,35.17,98.88,28.91,39.97,99.87,41.39,33.04,25.6,30.64,24.28,%第7行结束
0.1,12.24,8.25,59.99,356.3,5.2,6.28,6.63,19.31,8.01,25.57,216.18,36.18,3.28,71.48,164.14,6.34,21.98,22.03,5.81,10.11,100.01,15.18,5.71,62.68,4.07,9.41,17.67,18.79,19.22,%第8行结束
0.33,19.29,63.45,359.76,11.63,15.33,17.67,30.35,18.91,35.59,219.64,28.47,13.99,79.48,165.02,15.88,27.21,14.33,11.59,18.37,109.56,26.22,14.54,54.97,12.83,20.45,28.71,28.23,30.26,%第9行结束
0.15,61.21,359.44,9.67,7.4,4.84,13.81,2.94,23.36,219.32,41.64,5.59,71.3,167.28,7.3,23.58,27.5,11.77,9.93,96.29,9.12,8.62,68.14,10.03,2.96,11.61,16.93,14.2,%第10行结束
0.11,414.28,63.25,54.08,58.28,65.39,64.21,82.75,274.16,90.49,59.44,22.17,222.13,63.01,39.23,76.35,55.44,52.25,146.03,61.13,54.28,116.99,55.82,63.55,62.6,46.54,53.68,%第11行结束
0.06,352.31,360.77,360.25,367.32,357.24,346.33,142.67,345.31,355.06,425.52,230.59,351.93,376.25,349.66,360.67,364.15,320.88,366.23,359.98,351.3,358.93,360.08,368.33,372.83,371.62,%第12行结束
0.01,9.9,10.17,21.17,8.68,24.93,212.85,33.4,4.7,74.93,160.81,5.22,25.37,19.25,9.21,13.56,98.89,17.9,9.11,59.9,7.47,11.44,20.39,22.24,21.8,%第13行结束
0.03,3.68,19.95,9.05,28.75,221.26,41.4,6.13,66.48,169.22,10.11,17.3,27.25,5.98,5.11,101.97,14.05,2.82,67.9,4.24,8.71,16.54,14.39,17.2,%第14行结束
0.16,17.4,6.51,26.95,220.23,41.1,5.2,67.94,168.19,9.19,20.22,26.96,8.41,6.56,99.87,11.51,5.25,67.61,6.67,6.17,13.99,14.04,14.57,%第15行结束
0.07,12.78,23.15,228.05,53.09,17.04,68.19,176.02,17.59,34.86,38.95,24.09,21.25,92.08,7.89,21.8,78.88,22.34,11.58,5.0,22.91,12.54,%第16行结束
0.06,20.81,217.35,41.06,5.15,73.62,165.31,5.32,25.68,26.92,12.6,12.03,93.73,10.54,10.72,66.78,10.86,3.72,12.93,19.5,16.03,%第17行结束
0.07,207.46,45.21,23.15,88.79,159.25,19.74,44.77,36.35,30.54,32.2,76.06,25.91,28.69,69.84,28.8,22.08,24.67,37.69,32.31,%第18行结束
0.03,206.7,216.45,286.91,91.98,213.32,237.64,211.05,222.06,225.54,187.76,227.62,221.37,210.19,220.32,221.47,229.72,234.22,233.01,%第19行结束
0.13,36.36,105.51,142.06,36.74,53.56,16.85,37.71,44.4,108.18,49.43,39.52,32.37,37.81,43.29,51.92,53.82,53.47,%第20行结束
0.02,70.88,163.64,4.52,22.08,22.17,8.01,9.51,97.09,13.47,6.11,62.81,6.26,7.33,15.96,18.16,17.5,%第21行结束
0.03,234.9,75.78,57.95,93.35,70.57,62.44,145.51,68.97,68.68,133.99,70.29,71.83,67.1,56.76,61.52,%第22行结束
0.13,160.35,184.66,151.35,169.09,172.57,146.47,174.65,168.4,131.43,167.35,168.5,176.75,181.25,180.04,%第23行结束
0.01,26.0,23.11,11.67,13.44,94.12,15.65,9.82,61.67,9.93,8.83,17.67,21.94,20.49,%第24行结束
0.04,39.24,18.0,13.94,117.83,28.24,16.84,79.89,18.38,25.34,30.2,13.18,23.66,%第25行结束
0.12,23.65,30.35,107.28,35.38,25.47,43.26,23.76,29.24,37.87,39.77,39.41,%第26行结束
0.05,7.68,105.21,19.13,4.07,64.57,2.04,13.77,21.62,17.54,21.09,%第27行结束
0.08,104.76,15.25,6.33,71.64,7.95,11.4,17.31,10.92,14.46,%第28行结束
0.02,98.51,102.25,130.46,102.4,94.68,96.83,110.29,104.37,%第29行结束
0.2,15.69,75.78,17.1,7.61,3.63,18.01,9.47,%第30行结束
0.07,66.15,2.49,9.96,17.79,15.65,18.46,%第31行结束
0.11,64.42,69.87,78.53,80.43,80.08,%第32行结束
0.0,11.73,19.56,17.58,20.39,%第33行结束
0.02,10.53,17.63,13.43,%第34行结束
0.09,20.14,10.64,%第35行结束
0.14,11.37,%第36行结束
0.36,%第37行结束
