0.0,0.89,0.99,0.73,0.73,0.62,1.1,0.53,0.37,0.71,1.45,6.21,0.48,0.58,0.69,0.87,0.61,1.14,3.1,0.4,0.54,2.22,2.77,0.55,0.92,0.14,0.62,0.72,2.28,0.86,0.58,0.87,0.53,0.72,0.91,0.94,0.92,%第1行结束
0.0,0.58,0.74,0.25,1.25,0.52,0.45,0.68,0.35,1.36,6.24,0.5,0.27,0.26,0.42,0.34,0.69,3.12,1.19,0.41,1.88,2.67,0.49,0.54,0.88,0.37,0.2,1.72,0.28,0.32,1.66,0.33,0.29,0.42,0.24,0.22,%第2行结束
0.0,0.92,0.41,1.42,1.2,0.64,0.81,0.61,0.89,6.38,0.66,0.43,0.67,1.01,0.65,1.14,3.26,1.29,0.59,1.34,2.81,0.64,0.18,0.98,0.52,0.47,2.11,0.6,0.46,1.75,0.55,0.66,0.65,0.39,0.72,%第3行结束
0.0,0.67,0.91,0.73,0.41,0.62,0.49,1.26,5.74,0.37,0.51,0.55,0.63,0.44,0.43,2.62,1.08,0.44,2.09,2.18,0.3,0.85,0.47,0.55,0.6,1.73,0.6,0.5,1.42,0.52,0.42,0.64,0.83,0.73,%第4行结束
0.01,1.01,0.76,0.34,0.51,0.37,1.26,6.11,0.39,0.24,0.28,0.7,0.4,0.67,2.99,1.04,0.31,1.54,2.55,0.38,0.33,0.73,0.31,0.08,1.69,0.48,0.25,1.51,0.31,0.27,0.58,0.34,0.46,%第5行结束
0.01,1.4,0.83,0.57,0.99,1.89,6.67,0.74,0.89,0.98,1.19,0.93,1.32,3.56,0.56,0.81,2.45,2.97,0.84,1.44,0.61,0.85,0.95,2.58,1.15,0.88,0.93,0.83,1.04,1.2,1.26,1.22,%第6行结束
0.01,0.63,0.96,0.53,1.35,6.36,0.68,0.6,0.55,0.62,0.57,0.95,3.24,1.37,0.57,1.07,2.79,0.64,1.15,1.06,0.86,0.69,2.42,0.62,0.65,1.84,0.66,0.52,0.59,0.79,0.45,%第7行结束
0.01,0.37,0.21,0.93,5.85,0.14,0.2,0.2,0.41,0.21,0.66,2.73,0.81,0.09,1.75,2.29,0.17,0.53,0.5,0.17,0.26,1.39,0.37,0.17,1.27,0.13,0.26,0.42,0.45,0.44,%第8行结束
0.01,0.5,1.2,6.24,0.25,0.4,0.49,0.7,0.44,0.83,3.12,0.66,0.32,1.96,3.0,0.35,0.75,0.35,0.38,0.46,1.56,0.66,0.39,1.12,0.34,0.54,0.71,0.77,0.73,%第9行结束
0.0,1.42,5.9,0.24,0.17,0.17,0.28,0.12,0.55,2.78,0.97,0.17,1.76,2.34,0.22,0.52,0.66,0.27,0.28,1.57,0.25,0.22,1.44,0.23,0.11,0.29,0.45,0.39,%第10行结束
0.01,7.31,1.59,1.36,1.27,1.6,1.39,1.71,4.19,2.13,1.52,0.71,3.74,1.57,0.9,1.82,1.45,1.07,3.47,1.47,1.39,2.6,1.47,1.26,1.6,1.13,1.31,%第11行结束
0.0,5.77,5.95,6.02,6.61,5.89,6.19,3.33,5.87,5.85,7.53,4.39,5.76,6.3,6.04,5.97,6.04,5.18,6.02,5.94,5.92,5.94,5.85,6.07,6.24,6.18,%第12行结束
0.0,0.24,0.31,0.56,0.22,0.63,2.68,0.76,0.17,1.86,2.24,0.14,0.58,0.45,0.25,0.38,1.36,0.45,0.23,1.23,0.21,0.31,0.5,0.57,0.55,%第13行结束
0.0,0.1,0.41,0.21,0.72,2.85,0.91,0.17,1.62,2.4,0.23,0.41,0.6,0.14,0.13,1.7,0.33,0.1,1.38,0.1,0.24,0.38,0.31,0.47,%第14行结束
0.01,0.36,0.16,0.62,2.87,0.94,0.16,1.7,2.42,0.22,0.46,0.63,0.2,0.21,1.64,0.28,0.16,1.41,0.17,0.19,0.33,0.3,0.44,%第15行结束
0.0,0.36,0.7,2.96,1.16,0.36,1.4,2.51,0.51,0.86,0.85,0.53,0.67,2.6,0.22,0.52,1.75,0.49,0.27,0.16,0.56,0.32,%第16行结束
0.0,0.48,2.75,0.88,0.12,1.45,2.31,0.2,0.57,0.57,0.32,0.33,1.5,0.28,0.27,1.42,0.28,0.14,0.36,0.42,0.42,%第17行结束
0.0,3.36,1.24,0.63,1.74,2.4,0.54,1.11,0.92,0.81,0.84,1.14,0.52,0.75,1.58,0.77,0.53,0.73,0.65,0.67,%第18行结束
0.0,2.78,2.76,4.44,1.3,2.66,3.21,2.95,2.88,2.95,3.14,2.93,2.85,3.09,2.85,2.76,2.98,3.15,3.09,%第19行结束
0.01,0.82,2.5,2.52,0.95,1.19,0.41,0.9,0.99,2.13,1.13,0.85,0.52,0.8,0.99,1.18,1.22,1.2,%第20行结束
0.0,1.76,2.28,0.11,0.54,0.51,0.22,0.27,1.62,0.34,0.16,1.28,0.18,0.19,0.38,0.45,0.4,%第21行结束
0.0,4.03,1.86,1.58,2.27,1.77,1.57,3.22,1.36,1.72,3.05,1.78,1.41,1.42,1.73,1.19,%第22行结束
0.0,2.22,2.76,2.68,2.43,2.5,3.8,2.48,2.4,2.86,2.4,2.31,2.53,2.7,2.64,%第23行结束
0.0,0.6,0.52,0.31,0.34,1.24,0.4,0.25,1.3,0.27,0.25,0.48,0.54,0.47,%第24行结束
0.0,0.99,0.45,0.39,2.05,0.57,0.39,1.76,0.48,0.61,0.9,0.36,0.63,%第25行结束
0.01,0.61,0.71,2.15,0.85,0.57,0.89,0.52,0.71,0.9,0.93,0.91,%第26行结束
0.0,0.24,1.53,0.44,0.16,1.43,0.06,0.37,0.49,0.55,0.64,%第27行结束
0.01,1.63,0.37,0.17,1.49,0.23,0.2,0.56,0.33,0.43,%第28行结束
0.0,1.54,1.74,2.4,1.76,1.55,2.73,1.67,2.89,%第29行结束
0.0,0.37,1.57,0.38,0.17,0.1,0.48,0.27,%第30行结束
0.0,1.35,0.08,0.29,0.42,0.35,0.51,%第31行结束
0.01,1.29,1.49,1.67,1.71,1.69,%第32行结束
0.0,0.31,0.45,0.39,0.55,%第33行结束
0.0,0.25,0.38,0.37,%第34行结束
0.0,0.55,0.27,%第35行结束
0.0,0.3,%第36行结束
0.01,%第37行结束
